# k[h/Mpc] Transfer_NL = P_halofit(k)/P_linear(k) 
1.000000000000000048e-04 1.000000000000000000e+00
1.010889472254546535e-04 1.000000000000000000e+00
1.021897525115075545e-04 1.000000000000000000e+00
1.033025449861805681e-04 1.000000000000000000e+00
1.044274551836316399e-04 1.000000000000000000e+00
1.055646150594666900e-04 1.000000000000000000e+00
1.067141580062186184e-04 1.000000000000000000e+00
1.078762188689946327e-04 1.000000000000000000e+00
1.090509339612939310e-04 1.000000000000000000e+00
1.102384410809978139e-04 1.000000000000000000e+00
1.114388795265337968e-04 1.000000000000000000e+00
1.126523901132157299e-04 1.000000000000000000e+00
1.138791151897619293e-04 1.000000000000000000e+00
1.151191986549931649e-04 1.000000000000000000e+00
1.163727859747123327e-04 1.000000000000000000e+00
1.176400241987682251e-04 1.000000000000000000e+00
1.189210619783049027e-04 1.000000000000000000e+00
1.202160495831988501e-04 1.000000000000000000e+00
1.215251389196862601e-04 1.000000000000000000e+00
1.228484835481820998e-04 1.000000000000000000e+00
1.241862387012931403e-04 1.000000000000000000e+00
1.255385613020273353e-04 1.000000000000000000e+00
1.269056099822014601e-04 1.000000000000000000e+00
1.282875451010489479e-04 1.000000000000000000e+00
1.296845287640306893e-04 1.000000000000000000e+00
1.310967248418505289e-04 1.000000000000000000e+00
1.325242989896777634e-04 1.000000000000000000e+00
1.339674186665790797e-04 1.000000000000000000e+00
1.354262531551620222e-04 1.000000000000000000e+00
1.369009735814323450e-04 1.000000000000000000e+00
1.383917529348677438e-04 1.000000000000000000e+00
1.398987660887100553e-04 1.000000000000000000e+00
1.414221898204783348e-04 1.000000000000000000e+00
1.429622028327056326e-04 1.000000000000000000e+00
1.445189857739012293e-04 1.000000000000000000e+00
1.460927212597413138e-04 1.000000000000000000e+00
1.476835938944904593e-04 1.000000000000000000e+00
1.492917902926562312e-04 1.000000000000000000e+00
1.509174991008796626e-04 1.000000000000000000e+00
1.525609110200642539e-04 1.000000000000000000e+00
1.542222188277455578e-04 1.000000000000000000e+00
1.559016174007048987e-04 1.000000000000000000e+00
1.575993037378287727e-04 1.000000000000000000e+00
1.593154769832177227e-04 1.000000000000000000e+00
1.610503384495462866e-04 1.000000000000000000e+00
1.628040916416779516e-04 1.000000000000000000e+00
1.645769422805366290e-04 1.000000000000000000e+00
1.663690983272386368e-04 1.000000000000000000e+00
1.681807700074870314e-04 1.000000000000000000e+00
1.700121698362318137e-04 1.000000000000000000e+00
1.718635126425986908e-04 1.000000000000000000e+00
1.737350155950891876e-04 1.000000000000000000e+00
1.756268982270550879e-04 1.000000000000000000e+00
1.775393824624506756e-04 1.000000000000000000e+00
1.794726926418648352e-04 1.000000000000000000e+00
1.814270555488371598e-04 1.000000000000000000e+00
1.834027004364602873e-04 1.000000000000000000e+00
1.853998590542720178e-04 1.000000000000000000e+00
1.874187656754403551e-04 1.000000000000000000e+00
1.894596571242443991e-04 1.000000000000000000e+00
1.915227728038547232e-04 1.000000000000000000e+00
1.936083547244161075e-04 1.000000000000000000e+00
1.957166475314360717e-04 1.000000000000000000e+00
1.978478985344824599e-04 1.000000000000000000e+00
2.000023577361940345e-04 1.000000000000000000e+00
2.021802778616061931e-04 1.000000000000000000e+00
2.043819143877966611e-04 1.000000000000000000e+00
2.066075255738536801e-04 1.000000000000000000e+00
2.088573724911706490e-04 1.000000000000000000e+00
2.111317190540706889e-04 1.000000000000000000e+00
2.134308320507647078e-04 1.000000000000000000e+00
2.157549811746462996e-04 1.000000000000000000e+00
2.181044390559277882e-04 1.000000000000000000e+00
2.204794812936207492e-04 1.000000000000000000e+00
2.228803864878643975e-04 1.000000000000000000e+00
2.253074362726065856e-04 1.000000000000000000e+00
2.277609153486401478e-04 1.000000000000000000e+00
2.302411115169993093e-04 1.000000000000000000e+00
2.327483157127195731e-04 1.000000000000000000e+00
2.352828220389656670e-04 1.000000000000000000e+00
2.378449278015303957e-04 1.000000000000000000e+00
2.404349335437097656e-04 1.000000000000000000e+00
2.430531430815576887e-04 1.000000000000000000e+00
2.456998635395246568e-04 1.000000000000000000e+00
2.483754053864841533e-04 1.000000000000000000e+00
2.510800824721519798e-04 1.000000000000000000e+00
2.538142120639017506e-04 1.000000000000000000e+00
2.565781148839811621e-04 1.000000000000000000e+00
2.593721151471340791e-04 1.000000000000000000e+00
2.621965405986318538e-04 1.000000000000000000e+00
2.650517225527187007e-04 1.000000000000000000e+00
2.679379959314762789e-04 1.000000000000000000e+00
2.708556993041108963e-04 1.000000000000000000e+00
2.738051749266688108e-04 1.000000000000000000e+00
2.767867687821839659e-04 1.000000000000000000e+00
2.798008306212631472e-04 1.000000000000000000e+00
2.828477140031124097e-04 1.000000000000000000e+00
2.859277763370112260e-04 1.000000000000000000e+00
2.890413789242372833e-04 1.000000000000000000e+00
2.921888870004485969e-04 1.000000000000000000e+00
2.953706697785268430e-04 1.000000000000000000e+00
2.985871004918869533e-04 1.000000000000000000e+00
3.018385564382587163e-04 1.000000000000000000e+00
3.051254190239455362e-04 1.000000000000000000e+00
3.084480738085636567e-04 1.000000000000000000e+00
3.118069105502703584e-04 1.000000000000000000e+00
3.152023232514833558e-04 1.000000000000000000e+00
3.186347102050989259e-04 1.000000000000000000e+00
3.221044740412128365e-04 1.000000000000000000e+00
3.256120217743498730e-04 1.000000000000000000e+00
3.291577648512084161e-04 1.000000000000000000e+00
3.327421191989242432e-04 1.000000000000000000e+00
3.363655052738598978e-04 1.000000000000000000e+00
3.400283481109260758e-04 1.000000000000000000e+00
3.437310773734392590e-04 1.000000000000000000e+00
3.474741274035227502e-04 1.000000000000000000e+00
3.512579372730562067e-04 1.000000000000000000e+00
3.550829508351802848e-04 1.000000000000000000e+00
3.589496167763625220e-04 1.000000000000000000e+00
3.628583886690287929e-04 1.000000000000000000e+00
3.668097250247696092e-04 1.000000000000000000e+00
3.708040893481246250e-04 1.000000000000000000e+00
3.748419501909533696e-04 1.000000000000000000e+00
3.789237812073979013e-04 1.000000000000000000e+00
3.830500612094437231e-04 1.000000000000000000e+00
3.872212742230862260e-04 1.000000000000000000e+00
3.914379095451087304e-04 1.000000000000000000e+00
3.957004618004777638e-04 1.000000000000000000e+00
4.000094310003652785e-04 1.000000000000000000e+00
4.043653226008007908e-04 1.000000000000000000e+00
4.087686475619628740e-04 1.000000000000000000e+00
4.132199224081173241e-04 1.000000000000000000e+00
4.177196692882063347e-04 1.000000000000000000e+00
4.222684160370986008e-04 1.000000000000000000e+00
4.268666962375059371e-04 1.000000000000000000e+00
4.315150492825741606e-04 1.000000000000000000e+00
4.362140204391559912e-04 1.000000000000000000e+00
4.409641609117723117e-04 1.000000000000000000e+00
4.457660279072704623e-04 1.000000000000000000e+00
4.506201847001860728e-04 1.000000000000000000e+00
4.555272006988173245e-04 1.000000000000000000e+00
4.604876515120183097e-04 1.000000000000000000e+00
4.655021190167197274e-04 1.000000000000000000e+00
4.705711914261848853e-04 1.000000000000000000e+00
4.756954633590091937e-04 1.000000000000000000e+00
4.808755359088706855e-04 1.000000000000000000e+00
4.861120167150405629e-04 1.000000000000000000e+00
4.914055200336606534e-04 1.000000000000000000e+00
4.967566668097981317e-04 1.000000000000000000e+00
5.021660847502844435e-04 1.000000000000000000e+00
5.076344083973468365e-04 1.000000000000000000e+00
5.131622792030429052e-04 1.000000000000000000e+00
5.187503456045042217e-04 1.000000000000000000e+00
5.243992631000008158e-04 1.000000000000000000e+00
5.301096943258330101e-04 1.000000000000000000e+00
5.358823091340601504e-04 1.000000000000000000e+00
5.417177846710778330e-04 1.000000000000000000e+00
5.476168054570479653e-04 1.000000000000000000e+00
5.535800634661957546e-04 1.000000000000000000e+00
5.596082582079809969e-04 1.000000000000000000e+00
5.657020968091520160e-04 1.000000000000000000e+00
5.718622940966939594e-04 1.000000000000000000e+00
5.780895726816812118e-04 1.000000000000000000e+00
5.843846630440409709e-04 1.000000000000000000e+00
5.907483036182415402e-04 1.000000000000000000e+00
5.971812408799128183e-04 1.000000000000000000e+00
6.036842294334102610e-04 1.000000000000000000e+00
6.102580321003326161e-04 1.000000000000000000e+00
6.169034200090032973e-04 1.000000000000000000e+00
6.236211726849262386e-04 1.000000000000003553e+00
6.304120781422264215e-04 1.000000000000000000e+00
6.372769329760871087e-04 1.000000000000003553e+00
6.442165424561927846e-04 1.000000000000000000e+00
6.512317206211891852e-04 1.000000000000000000e+00
6.583232903741742959e-04 1.000000000000000000e+00
6.654920835792256300e-04 1.000000000000000000e+00
6.727389411589817852e-04 1.000000000000000000e+00
6.800647131932855425e-04 1.000000000000000000e+00
6.874702590188998914e-04 9.999999999999964473e-01
6.949564473303121610e-04 9.999999999999965583e-01
7.025241562816338450e-04 9.999999999999963363e-01
7.101742735896111923e-04 9.999999999999928946e-01
7.179076966377580553e-04 9.999999999999965583e-01
7.257253325816203195e-04 9.999999999999965583e-01
7.336280984551892632e-04 1.000000000000000000e+00
7.416169212784728439e-04 1.000000000000000000e+00
7.496927381662369478e-04 1.000000000000007105e+00
7.578564964379328655e-04 1.000000000000010658e+00
7.661091537288217254e-04 1.000000000000014211e+00
7.744516781023058627e-04 1.000000000000017764e+00
7.828850481634879377e-04 1.000000000000021316e+00
7.914102531739635512e-04 1.000000000000021316e+00
8.000282931678648129e-04 1.000000000000014433e+00
8.087401790691685225e-04 1.000000000000007105e+00
8.175469328102791559e-04 9.999999999999965583e-01
8.264495874519061725e-04 9.999999999999822364e-01
8.354491873042452915e-04 9.999999999999644729e-01
8.445467880494783759e-04 9.999999999999467093e-01
8.537434568656090527e-04 9.999999999999359401e-01
8.630402725516477316e-04 9.999999999999253930e-01
8.724383256541552376e-04 9.999999999999289457e-01
8.819387185951692342e-04 9.999999999999360512e-01
8.915425658015216793e-04 9.999999999999608091e-01
9.012509938355642248e-04 1.000000000000003553e+00
9.110651415273191261e-04 1.000000000000057065e+00
9.209861601080654176e-04 1.000000000000120792e+00
9.310152133453835580e-04 1.000000000000184741e+00
9.411534776796687349e-04 1.000000000000238032e+00
9.514021423621312618e-04 1.000000000000270006e+00
9.617624095942996785e-04 1.000000000000273559e+00
9.722354946690427114e-04 1.000000000000237810e+00
9.828226261131265719e-04 1.000000000000160094e+00
9.935250458313260244e-04 1.000000000000017764e+00
1.004344009252102887e-03 9.999999999998223643e-01
1.015280785474873644e-03 9.999999999995843325e-01
1.026336657418876587e-03 9.999999999993463007e-01
1.037512921973663630e-03 9.999999999991436850e-01
1.048810890151229266e-03 9.999999999990051291e-01
1.060231887239796843e-03 9.999999999989732657e-01
1.071777252959280145e-03 9.999999999990761834e-01
1.083448341618434372e-03 9.999999999993532951e-01
1.095246522273722774e-03 9.999999999998329114e-01
1.107173178889911272e-03 1.000000000000547118e+00
1.119229710502410392e-03 1.000000000001417533e+00
1.131417531381390508e-03 1.000000000002312817e+00
1.143738071197675839e-03 1.000000000003101519e+00
1.156192775190451440e-03 1.000000000003655742e+00
1.168783104336795125e-03 1.000000000003847589e+00
1.181510535523052968e-03 1.000000000003545608e+00
1.194376561718085488e-03 1.000000000002621903e+00
1.207382692148395355e-03 1.000000000000945244e+00
1.220530452475165027e-03 9.999999999984049426e-01
1.233821384973222534e-03 9.999999999952218221e-01
1.247257048711954055e-03 9.999999999918679494e-01
1.260839019738190609e-03 9.999999999888302682e-01
1.274568891261079273e-03 9.999999999865920586e-01
1.288448273838974914e-03 9.999999999856400423e-01
1.302478795568362850e-03 9.999999999864535027e-01
1.316662102274839766e-03 9.999999999895193836e-01
1.330999857706173907e-03 9.999999999953211871e-01
1.345493743727470791e-03 1.000000000004305889e+00
1.360145460518457023e-03 1.000000000015937474e+00
1.374956726772920152e-03 1.000000000028467895e+00
1.389929279900316067e-03 1.000000000040099479e+00
1.405064876229571678e-03 1.000000000049023896e+00
1.420365291215111526e-03 1.000000000053425708e+00
1.435832319645119351e-03 1.000000000051514348e+00
1.451467775852076283e-03 1.000000000041470605e+00
1.467273493925585820e-03 1.000000000021497470e+00
1.483251327927519224e-03 9.999999999898143699e-01
1.499403152109505394e-03 9.999999999475261969e-01
1.515730861132781474e-03 9.999999999008294393e-01
1.532236370290446931e-03 9.999999998564811365e-01
1.548921615732131926e-03 9.999999998212060204e-01
1.565788554691113603e-03 9.999999998017586877e-01
1.582839165713909122e-03 9.999999998048670902e-01
1.600075448892360197e-03 9.999999998372787191e-01
1.617499426098254877e-03 9.999999999057322952e-01
1.635113141220496556e-03 1.000000000016957324e+00
1.652918660404860754e-03 1.000000000170079284e+00
1.670918072296362009e-03 1.000000000343458595e+00
1.689113488284253641e-03 1.000000000511938936e+00
1.707507042749705287e-03 1.000000000650370646e+00
1.726100893316170979e-03 1.000000000733596295e+00
1.744897221102484656e-03 1.000000000736459782e+00
1.763898230978715610e-03 1.000000000633807451e+00
1.783106151824802093e-03 1.000000000400483202e+00
1.802523236792009497e-03 1.000000000011329604e+00
1.822151763567231731e-03 9.999999994596607822e-01
1.841994034640169215e-03 9.999999988180617860e-01
1.862052377573423590e-03 9.999999981804171822e-01
1.882329145275521941e-03 9.999999976406108715e-01
1.902826716276924098e-03 9.999999972925088798e-01
1.923547495009031438e-03 9.999999972299987716e-01
1.944493912086234060e-03 9.999999975469650026e-01
1.965668424591031881e-03 9.999999983372730439e-01
1.987073516362253961e-03 9.999999996948146785e-01
2.008711698286425040e-03 1.000000001672077588e+00
2.030585508592298166e-03 1.000000004037996382e+00
2.052697513148597861e-03 1.000000006442615330e+00
2.075050305765005921e-03 1.000000008535565366e+00
2.097646508496421938e-03 1.000000009966484749e+00
2.120488771950540183e-03 1.000000010385015736e+00
2.143579775598773197e-03 1.000000009440796589e+00
2.166922228090562876e-03 1.000000006783455353e+00
2.190518867571114581e-03 1.000000002062641613e+00
2.214372462002590740e-03 9.999999950115245895e-01
2.238485809488799903e-03 9.999999863187768456e-01
2.262861738603424207e-03 9.999999772821335231e-01
2.287503108721821669e-03 9.999999692091675607e-01
2.312412810356435835e-03 9.999999634074405730e-01
2.337593765495870040e-03 9.999999611845323821e-01
2.363048927947638406e-03 9.999999638480020492e-01
2.388781283684660375e-03 9.999999727054177390e-01
2.414793851195524369e-03 9.999999890643530565e-01
2.441089681838566530e-03 1.000000014088535005e+00
2.467671860199807492e-03 1.000000045905492074e+00
2.494543504454778838e-03 1.000000079750349880e+00
2.521707766734298216e-03 1.000000110743193282e+00
2.549167833494226081e-03 1.000000134004105590e+00
2.576926925889242662e-03 1.000000144653163892e+00
2.604988300150707595e-03 1.000000137810458822e+00
2.633355247968616978e-03 1.000000108596071469e+00
2.662031096877736334e-03 1.000000052130084693e+00
2.691019210647926409e-03 9.999999637213512482e-01
2.720322989678727703e-03 9.999998477345402037e-01
2.749945871398238890e-03 9.999997214011562274e-01
2.779891330666335071e-03 9.999996029332727243e-01
2.810162880182280522e-03 9.999995105429693165e-01
2.840764070896781898e-03 9.999994624423060863e-01
2.871698492428523958e-03 9.999994768433443371e-01
2.902969773485247675e-03 9.999995719581592502e-01
2.934581582289402801e-03 9.999997659988533183e-01
2.966537627008446459e-03 1.000000077037810353e+00
2.998841656189823318e-03 1.000000498040179542e+00
3.031497459200679402e-03 1.000000968025985815e+00
3.064508866672373700e-03 1.000001419026774752e+00
3.097879750949814048e-03 1.000001783073995787e+00
3.131614026545704015e-03 1.000001992198994438e+00
3.165715650599722035e-03 1.000001978433125327e+00
3.200188623342711727e-03 1.000001673807870084e+00
3.235036988565915921e-03 1.000001010355012543e+00
3.270264834095335926e-03 9.999999201189770925e-01
3.305876292271236853e-03 9.999983991086328627e-01
3.341875540432887905e-03 9.999966565951340369e-01
3.378266801408579684e-03 9.999949462399531086e-01
3.415054344010972319e-03 9.999935217028925738e-01
3.452242483537848114e-03 9.999926366424556345e-01
3.489835582278300388e-03 9.999925447169225601e-01
3.527838050024449581e-03 9.999934995860220166e-01
3.566254344588724780e-03 9.999957549132865164e-01
3.605088972326778336e-03 9.999995643689940650e-01
3.644346488666102071e-03 1.000005031684587875e+00
3.684031498640385430e-03 1.000011469981648249e+00
3.724148657429705769e-03 1.000017932736594339e+00
3.764702670906593714e-03 1.000023473248394579e+00
3.805698296188046465e-03 1.000027144796757694e+00
3.847140342193561442e-03 1.000028000655313498e+00
3.889033670209224997e-03 1.000025094113801805e+00
3.931383194457965455e-03 1.000017478509205526e+00
3.974193882676006068e-03 1.000004207265850376e+00
4.017470756695592886e-03 9.999846563072126715e-01
4.061218893034082567e-03 9.999609535980410469e-01
4.105443423489416564e-03 9.999366213834908201e-01
4.150149535742116147e-03 9.999151924533375979e-01
4.195342473963798238e-03 9.999001993117836440e-01
4.241027539432346526e-03 9.998951743424219218e-01
4.287210091153762122e-03 9.999036500979833209e-01
4.333895546490793525e-03 9.999291597149443378e-01
4.381089381798407463e-03 9.999752374529591314e-01
4.428797133066189953e-03 1.000044807607268327e+00
4.477024396567727896e-03 1.000131759417697497e+00
4.525776829517080477e-03 1.000223082915147055e+00
4.575060150732375951e-03 1.000305589654458149e+00
4.624880141306657831e-03 1.000366087013496941e+00
4.675242645286020390e-03 1.000391380225765792e+00
4.726153570355132345e-03 1.000368276153011271e+00
4.777618888530241539e-03 1.000283588797185264e+00
4.829644636859688374e-03 1.000124146549528081e+00
4.882236918132091923e-03 9.998773102024914872e-01
4.935401901592213932e-03 9.995454079117233048e-01
4.989145823664636881e-03 9.991477653095772737e-01
5.043474988685319425e-03 9.987046137273645208e-01
5.098395769641108147e-03 9.982361571908886511e-01
5.153914608917311430e-03 9.977625652665257361e-01
5.210038019053418734e-03 9.973039699871809605e-01
5.266772583507034651e-03 9.968804668458828289e-01
5.324124957426138761e-03 9.965121198442994377e-01
5.382101868429768447e-03 9.962188269572894717e-01
5.440710117397178427e-03 9.960091975721736546e-01
5.499956579265605390e-03 9.958726403120397030e-01
5.559848203836727058e-03 9.957967142474490885e-01
5.620392016591899825e-03 9.957689949749617409e-01
5.681595119516249549e-03 9.957770678307459322e-01
5.743464691931785514e-03 9.958085226549913127e-01
5.806007991339547959e-03 9.958509501043942835e-01
5.869232354270913221e-03 9.958919395113735584e-01
5.933145197148235149e-03 9.959190863807279026e-01
5.997754017154775102e-03 9.959238949612132519e-01
6.063066393114173794e-03 9.959080494219443302e-01
6.129089986379467579e-03 9.958748706049039834e-01
6.195832541731762823e-03 9.958276799413303682e-01
6.263301888288770429e-03 9.957697989291195428e-01
6.331505940423136358e-03 9.957045487210096635e-01
6.400452698690869101e-03 9.956352498234513071e-01
6.470150250769802526e-03 9.955652219063159114e-01
6.540606772408304875e-03 9.954977837231869797e-01
6.611830528384347525e-03 9.954355654320548030e-01
6.683829873474949994e-03 9.953783877533367574e-01
6.756613253436268354e-03 9.953253545106858224e-01
6.830189205994260243e-03 9.952755697783558508e-01
6.904566361846236136e-03 9.952281378481961926e-01
6.979753445673237897e-03 9.951821632044394184e-01
7.055759277163470983e-03 9.951367505065596974e-01
7.132592772046903937e-03 9.950910045802000559e-01
7.210262943141085464e-03 9.950440304161577432e-01
7.288778901408402011e-03 9.949950448152067306e-01
7.368149857024815751e-03 9.949439904442002325e-01
7.448385120460226071e-03 9.948911000700627616e-01
7.529494103570657550e-03 9.948366071847892789e-01
7.611486320702259660e-03 9.947807452378080173e-01
7.694371389807404434e-03 9.947237476325327954e-01
7.778159033572890763e-03 9.946658477233895068e-01
7.862859080560431410e-03 9.946072788134753262e-01
7.948481466359607478e-03 9.945482741526697756e-01
8.035036234753304210e-03 9.944890505286455573e-01
8.122533538895922167e-03 9.944296479356901086e-01
8.210983642504356833e-03 9.943699986460643458e-01
8.300396921061940075e-03 9.943100334165837495e-01
8.390783863035572443e-03 9.942496830210486580e-01
8.482155071105990790e-03 9.941888782504507693e-01
8.574521263411556335e-03 9.941275499133170879e-01
8.667893274805498968e-03 9.940656288360169013e-01
8.762282058126862408e-03 9.940030458631756716e-01
8.857698685485349693e-03 9.939397339261039077e-01
8.954154349560070753e-03 9.938756664816285058e-01
9.051660364912528581e-03 9.938108539296327537e-01
9.150228169313826682e-03 9.937453080207910849e-01
9.249869325086335428e-03 9.936790405043652852e-01
9.350595520460048063e-03 9.936120631281192273e-01
9.452418570943581233e-03 9.935443876382120676e-01
9.555350420710227721e-03 9.934760257791360738e-01
9.659403143999024943e-03 9.934069892936441271e-01
9.764588946531078603e-03 9.933372897211137920e-01
9.870920166941384369e-03 9.932669299072647284e-01
9.978409278226133688e-03 9.931959008845165915e-01
1.008706888920588192e-02 9.931241928448131251e-01
1.019691174600459264e-02 9.930517959843310205e-01
1.030795073354476635e-02 9.929787005035827230e-01
1.042019887705893794e-02 9.929048966074565108e-01
1.053366934361752404e-02 9.928303745053188578e-01
1.064837544367341036e-02 9.927551244110506268e-01
1.076433063262329307e-02 9.926791365557814384e-01
1.088154851238600299e-02 9.926024030505550266e-01
1.100004283299813729e-02 9.925249198563844688e-01
1.111982749422689085e-02 9.924466834089290534e-01
1.124091654720061305e-02 9.923676901467767264e-01
1.136332419605703276e-02 9.922879365114035677e-01
1.148706479960940816e-02 9.922074189472448458e-01
1.161215287303093806e-02 9.921261339017071190e-01
1.173860308955735655e-02 9.920440778251874425e-01
1.186643028220821933e-02 9.919612471710737012e-01
1.199564944552684344e-02 9.918776382475970044e-01
1.212627573733916775e-02 9.917932468959800296e-01
1.225832448053191040e-02 9.917080688677308853e-01
1.239181116484988632e-02 9.916220999177827178e-01
1.252675144871309362e-02 9.915353358044723953e-01
1.266316116105346140e-02 9.914477722896024581e-01
1.280105630317159883e-02 9.913594051384770900e-01
1.294045305061388047e-02 9.912702301199333155e-01
1.308136775506979488e-02 9.911802430063828551e-01
1.322381694629014282e-02 9.910894398239491476e-01
1.336781733402597760e-02 9.909978178555478578e-01
1.351338580998869346e-02 9.909053747789092759e-01
1.366053944983155501e-02 9.908121082748829744e-01
1.380929551515262810e-02 9.907180160273291181e-01
1.395967145551971211e-02 9.906230957231454415e-01
1.411168491051718529e-02 9.905273450522429357e-01
1.426535371181515861e-02 9.904307617076658632e-01
1.442069588526126780e-02 9.903333433854812906e-01
1.457772965299506708e-02 9.902350879630863467e-01
1.473647343558563173e-02 9.901359947601113820e-01
1.489694585419231061e-02 9.900360637949188192e-01
1.505916573274901187e-02 9.899352950926220140e-01
1.522315210017240877e-02 9.898336886805854107e-01
1.538892419259397029e-02 9.897312445883813536e-01
1.555650145561653618e-02 9.896279628477877566e-01
1.572590354659529274e-02 9.895238434928276261e-01
1.589715033694361068e-02 9.894188865597326465e-01
1.607026191446412136e-02 9.893130922388897464e-01
1.624525858570496570e-02 9.892064628250530900e-01
1.642216087834194246e-02 9.890990021491861128e-01
1.660098954358633916e-02 9.889907140777790540e-01
1.678176555861923477e-02 9.888816024778261937e-01
1.696451012905212871e-02 9.887716712168101996e-01
1.714924469141440935e-02 9.886609241626422850e-01
1.733599091566800574e-02 9.885493651836597673e-01
1.752477070774923276e-02 9.884369981485848777e-01
1.771560621213855158e-02 9.883238270242390433e-01
1.790851981445811675e-02 9.882098584103653494e-01
1.810353414409764453e-02 9.880951017714938445e-01
1.830067207686903938e-02 9.879795667142863280e-01
1.849995673768965385e-02 9.878632628428886120e-01
1.870141150329502830e-02 9.877461997588442566e-01
1.890506000498102385e-02 9.876283870610687021e-01
1.911092613137579596e-02 9.875098343457304750e-01
1.931903403124210841e-02 9.873905512062003398e-01
1.952940811630995283e-02 9.872705472769240931e-01
1.974207306414021632e-02 9.871498352124047360e-01
1.995705382101941108e-02 9.870284325849004725e-01
2.017437560488588577e-02 9.869063574120029436e-01
2.039406390828809798e-02 9.867836277039060411e-01
2.061614450137484386e-02 9.866602614633014356e-01
2.084064343491827745e-02 9.865362766852460163e-01
2.106758704336972668e-02 9.864116913570779577e-01
2.129700194794873630e-02 9.862865234582619545e-01
2.152891505976595871e-02 9.861607909689008578e-01
2.176335358297975739e-02 9.860345149794196296e-01
2.200034501798749445e-02 9.859077243085350162e-01
2.223991716465132870e-02 9.857804489408825699e-01
2.248209812555920437e-02 9.856527188464483391e-01
2.272691630932148488e-02 9.855245639804492974e-01
2.297440043390323178e-02 9.853960142831813540e-01
2.322457952999305505e-02 9.852670996799212100e-01
2.347748294440843431e-02 9.851378500807695948e-01
2.373314034353814911e-02 9.850082953805855412e-01
2.399158171682237717e-02 9.848784682536954049e-01
2.425283738027039088e-02 9.847484122123141281e-01
2.451693798001686533e-02 9.846181733808283543e-01
2.478391449591670417e-02 9.844877978594306356e-01
2.505379824517903545e-02 9.843573317239591169e-01
2.532662088604092920e-02 9.842268210259266237e-01
2.560241442148088187e-02 9.840963117924553805e-01
2.588121120297298683e-02 9.839658500262240537e-01
2.616304393428183286e-02 9.838354817055713353e-01
2.644794567529866816e-02 9.837052549666209789e-01
2.673594984591959670e-02 9.835752313819567938e-01
2.702709022996567165e-02 9.834454776201249082e-01
2.732140097914600302e-02 9.833160603247316223e-01
2.761891661706376497e-02 9.831870461045219001e-01
2.791967204326590082e-02 9.830585015336797960e-01
2.822370253733709825e-02 9.829304931520976840e-01
2.853104376303799289e-02 9.828030874657071037e-01
2.884173177248883571e-02 9.826763509468874336e-01
2.915580301039844002e-02 9.825503512762127079e-01
2.947329431833918545e-02 9.824251687076760442e-01
2.979424293906883514e-02 9.823008907995022243e-01
3.011868652089903092e-02 9.821776051591315504e-01
3.044666312211173273e-02 9.820553993527266767e-01
3.077821121542351213e-02 9.819343609060274813e-01
3.111336969249842502e-02 9.818145773053749137e-01
3.145217786851035174e-02 9.816961359988209956e-01
3.179467548675454086e-02 9.815791243972656899e-01
3.214090272330985543e-02 9.814636304008307333e-01
3.249090019175143035e-02 9.813497514407748534e-01
3.284470894791473305e-02 9.812375932588580651e-01
3.320237049471172486e-02 9.811272618372558485e-01
3.356392678699904319e-02 9.810188631199961984e-01
3.392942023649968969e-02 9.809125030150236402e-01
3.429889371677791871e-02 9.808082873963628323e-01
3.467239056826839499e-02 9.807063221063450076e-01
3.504995460336036983e-02 9.806067129580465780e-01
3.543163011153676462e-02 9.805095655656569376e-01
3.581746186456968850e-02 9.804149788127747289e-01
3.620749512177221657e-02 9.803230428425926402e-01
3.660177563530735839e-02 9.802338472013683024e-01
3.700034965555520222e-02 9.801474814249649947e-01
3.740326393653787412e-02 9.800640350414246971e-01
3.781056574140426868e-02 9.799835975736178595e-01
3.822230284797401012e-02 9.799062585419173743e-01
3.863852355434187896e-02 9.798321074670484077e-01
3.905927668454355073e-02 9.797612338853779468e-01
3.948461159428252876e-02 9.796937288894589368e-01
3.991457817671999198e-02 9.796296866158866745e-01
4.034922686832733557e-02 9.795692015647615714e-01
4.078860865480236908e-02 9.795123682507030916e-01
4.123277507705042089e-02 9.794592812064104592e-01
4.168177823722989811e-02 9.794100349862042698e-01
4.213567080486439048e-02 9.793647241697189809e-01
4.259450602302065902e-02 9.793234433656526905e-01
4.305833771455443160e-02 9.792862871934654434e-01
4.352722028842398450e-02 9.792533158748476518e-01
4.400120874607230115e-02 9.792244856792137186e-01
4.448035868787918179e-02 9.791997333778629242e-01
4.496472631968310291e-02 9.791789957998959792e-01
4.545436845937454728e-02 9.791622098296780541e-01
4.594934254356086711e-02 9.791493124042039975e-01
4.644970663430360996e-02 9.791402405106285345e-01
4.695551942592970235e-02 9.791349311837770353e-01
4.746684025191616474e-02 9.791333223425437993e-01
4.798372909185037727e-02 9.791354199163703198e-01
4.850624657846578508e-02 9.791413468566607659e-01
4.903445400475416049e-02 9.791512377184146132e-01
4.956841333115578896e-02 9.791652271091279003e-01
5.010818719282728734e-02 9.791834496943521149e-01
5.065383890698917785e-02 9.792060402033981870e-01
5.120543248035312744e-02 9.792331334352754046e-01
5.176303261662997673e-02 9.792648642074640586e-01
5.232670472411997398e-02 9.793013611583826217e-01
5.289651492338510314e-02 9.793427411988727682e-01
5.347253005500548356e-02 9.793891200208202363e-01
5.405481768741990378e-02 9.794406134132936925e-01
5.464344612485160652e-02 9.794973372684895319e-01
5.523848441532101111e-02 9.795594075878579776e-01
5.584000235874483908e-02 9.796269404883164444e-01
5.644807051512417545e-02 9.797000939478546222e-01
5.706276021282133404e-02 9.797792735606102310e-01
5.768414355692666473e-02 9.798649760200411896e-01
5.831229343771712065e-02 9.799576984557165638e-01
5.894728353920609260e-02 9.800579383287317814e-01
5.958918834778714063e-02 9.801661934685671485e-01
6.023808316097135213e-02 9.802829621131808890e-01
6.089404409621978348e-02 9.804087830312073759e-01
6.155714809987273411e-02 9.805443431039081448e-01
6.222747295617528374e-02 9.806903638340136453e-01
6.290509729640207659e-02 9.808475674715956272e-01
6.359010060808081843e-02 9.810166770934846125e-01
6.428256324431630420e-02 9.811984166880682867e-01
6.498256643321646819e-02 9.813935268806803780e-01
6.569019228742016547e-02 9.816029374118502293e-01
6.640552381372982760e-02 9.818277037430800380e-01
6.712864492284809081e-02 9.820688851955706733e-01
6.785964043922074196e-02 9.823275429102334977e-01
6.859859611098716170e-02 9.826047400296937795e-01
6.934559862003857045e-02 9.829015558556487564e-01
7.010073559218636674e-02 9.832192170390513519e-01
7.086409560744080793e-02 9.835590389330766126e-01
7.163576821040154585e-02 9.839223412458519835e-01
7.241584392076187704e-02 9.843104472223197510e-01
7.320441424392655494e-02 9.847246840011791846e-01
7.400157168174609223e-02 9.851664286907781953e-01
7.480740974336734517e-02 9.856371986989201917e-01
7.562202295620219783e-02 9.861385417565979861e-01
7.644550687701648362e-02 9.866720114119392759e-01
7.727795810313846381e-02 9.872391675166389824e-01
7.811947428379055480e-02 9.878415764648269537e-01
7.897015413154370722e-02 9.884808101317301698e-01
7.983009743389636592e-02 9.891584475159868051e-01
8.069940506498056443e-02 9.898760761070586334e-01
8.157817899739405743e-02 9.906352925012616994e-01
8.246652231416257139e-02 9.914376646832745443e-01
8.336453922083163215e-02 9.922845141987706175e-01
8.427233505768989830e-02 9.931770672507631570e-01
8.519001631212649861e-02 9.941165599374258699e-01
8.611769063112173495e-02 9.951042389513312658e-01
8.705546683387491158e-02 9.961411099513960421e-01
8.800345492456904117e-02 9.972274288025406719e-01
8.896176610527432860e-02 9.983633164520151482e-01
8.993051278899320822e-02 9.995489010647742312e-01
9.090980861284606029e-02 1.000784217755343208e+00
9.189976845140174211e-02 1.002067748916757983e+00
9.290050843015257298e-02 1.003396743466013152e+00
9.391214593913593811e-02 1.004768407732215874e+00
9.493479964670513416e-02 1.006179937522982071e+00
9.596858951344881816e-02 1.007628504306312012e+00
9.701363680626344521e-02 1.009110170161828579e+00
9.807006411257795930e-02 1.010619045056813325e+00
9.913799535473342972e-02 1.012149008983109777e+00
1.002175558045202003e-01 1.013693905837442566e+00
1.013088720978719548e-01 1.015247546326317307e+00
1.024120722497211811e-01 1.016804104253389074e+00
1.035272856690151039e-01 1.018358455691097841e+00
1.046546431738963057e-01 1.019905524745811531e+00
1.057942770070479654e-01 1.021440204930110118e+00
1.069463208512059782e-01 1.022957488504516732e+00
1.081109098448410633e-01 1.024455138510502961e+00
1.092881805980101956e-01 1.025933619196922608e+00
1.104782712083820645e-01 1.027393510354942974e+00
1.116813212774360464e-01 1.028835396605056740e+00
1.128974719268377447e-01 1.030260772639388422e+00
1.141268658149935389e-01 1.031674899775645304e+00
1.153696471537842272e-01 1.033084043525340778e+00
1.166259617254821329e-01 1.034494504033019568e+00
1.178959568998516338e-01 1.035912802406055766e+00
1.191797816514357095e-01 1.037347600276419257e+00
1.204775865770320031e-01 1.038808936808435224e+00
1.217895239133572755e-01 1.040306929766279476e+00
1.231157475549061464e-01 1.041851818285096876e+00
1.244564130720031137e-01 1.043454997673944451e+00
1.258116777290510246e-01 1.045128887913074678e+00
1.271817005029795278e-01 1.046886031171962106e+00
1.285666421018927252e-01 1.048739058160409909e+00
1.299666649839214261e-01 1.050700544235334766e+00
1.313819333762798469e-01 1.052783061610349957e+00
1.328126132945294802e-01 1.054999313435319719e+00
1.342588725620541268e-01 1.057361822443301458e+00
1.357208808297452607e-01 1.059881037962250305e+00
1.371988095959033316e-01 1.062566636602829684e+00
1.386928322263547841e-01 1.065428446739760338e+00
1.402031239747881242e-01 1.068474697622606717e+00
1.417298620033123624e-01 1.071709741436300156e+00
1.432732254032381136e-01 1.075137502186175098e+00
1.448333952160859861e-01 1.078761419498994067e+00
1.464105544548233995e-01 1.082578614611495738e+00
1.480048881253319126e-01 1.086582400012321425e+00
1.496165832481100300e-01 1.090765902221005001e+00
1.512458288802103201e-01 1.095115555271905405e+00
1.528928161374172034e-01 1.099607144114617130e+00
1.545577382166651581e-01 1.104215166747665400e+00
1.562407904187009255e-01 1.108910374131459431e+00
1.579421701709938786e-01 1.113652412472705855e+00
1.596620770508937193e-01 1.118398130124714784e+00
1.614007128090426124e-01 1.123104657327828271e+00
1.631582813930407827e-01 1.127733336410817078e+00
1.649349889713697392e-01 1.132246382468599766e+00
1.667310439575774850e-01 1.136609373291840752e+00
1.685466570347250448e-01 1.140808547500754555e+00
1.703820411801011681e-01 1.144837116501224106e+00
1.722374116902049557e-01 1.148692960343030034e+00
1.741129862060002975e-01 1.152394933646568642e+00
1.760089847384468387e-01 1.155968088510552105e+00
1.779256296943070026e-01 1.159442112201344521e+00
1.798631459022357881e-01 1.162859277422742643e+00
1.818217606391537289e-01 1.166264634384246213e+00
1.838017036569065121e-01 1.169708570746468723e+00
1.858032072092168641e-01 1.173249210067558002e+00
1.878265060789273133e-01 1.176946110166866788e+00
1.898718376055421320e-01 1.180861245446608310e+00
1.919394417130675379e-01 1.185058549142993689e+00
1.940295609381550712e-01 1.189599324922613111e+00
1.961424404585530301e-01 1.194533589337773538e+00
1.982783281218654103e-01 1.199908985159183317e+00
2.004374744746262593e-01 1.205756047470801562e+00
2.026201327916891670e-01 1.212088984765039790e+00
2.048265591059367230e-01 1.218914181505187377e+00
2.070570122383151579e-01 1.226211700622000800e+00
2.093117538281934753e-01 1.233954074115443778e+00
2.115910483640560114e-01 1.242092370032845228e+00
2.138951632145268955e-01 1.250562168843119881e+00
2.162243686597331016e-01 1.259286262049728045e+00
2.185789379230101970e-01 1.268167160023986550e+00
2.209591472029509562e-01 1.277101864241179552e+00
2.233652757058056659e-01 1.285980624358534330e+00
2.257976056782332874e-01 1.294693000315372711e+00
2.282564224404093345e-01 1.303150277515017885e+00
2.307420144194963774e-01 1.311275728808364072e+00
2.332546731834755083e-01 1.319030247374028963e+00
2.357946934753502033e-01 1.326404701763945981e+00
2.383623732477194168e-01 1.333426659787176671e+00
2.409580136977282627e-01 1.340162340171571431e+00
2.435819193024004181e-01 1.346708146337268763e+00
2.462343978543529988e-01 1.353196882974170734e+00
2.489157604979028438e-01 1.359778464810458054e+00
2.516263217655642093e-01 1.366622478413068498e+00
2.543663996149437834e-01 1.373891189028700444e+00
2.571363154660397665e-01 1.381733149478377332e+00
2.599363942389434357e-01 1.390264473604468032e+00
2.627669643919554043e-01 1.399561411854464588e+00
2.656283579601128597e-01 1.409659133053248636e+00
2.685209105941401830e-01 1.420553201517757769e+00
2.714449615998207888e-01 1.432202227014505613e+00
2.744008539777983424e-01 1.444534444820206653e+00
2.773889344638135745e-01 1.457435431489767730e+00
2.804095535693754138e-01 1.470759168909898662e+00
2.834630656228787626e-01 1.484313998290743397e+00
2.865498288111679726e-01 1.497892835657402832e+00
2.896702052215520684e-01 1.511285249960032218e+00
2.928245608842811043e-01 1.524325420430360456e+00
2.960132658154801533e-01 1.536902849544963701e+00
2.992366940605553638e-01 1.548996890851216168e+00
3.024952237380701958e-01 1.560651117530807763e+00
3.057892370840988860e-01 1.571979653693262202e+00
3.091191204970646922e-01 1.583142837391335656e+00
3.124852645830674680e-01 1.594340949516945605e+00
3.158880642016995699e-01 1.605809357101436019e+00
3.193279185123659714e-01 1.617792409402200926e+00
3.228052310211086406e-01 1.630523560160484831e+00
3.263204096279356259e-01 1.644177072345889501e+00
3.298738666746708903e-01 1.658853363954172933e+00
3.334660189933248420e-01 1.674554564792404943e+00
3.370972879549868906e-01 1.691197671515045187e+00
3.407680995192557405e-01 1.708634841086869471e+00
3.444788842842048116e-01 1.726664756068185369e+00
3.482300775368949441e-01 1.745048800519456655e+00
3.520221193044317243e-01 1.763534165335393533e+00
3.558554544055835267e-01 1.781881785702450927e+00
3.597305325029623302e-01 1.799917780279073343e+00
3.636478081557667497e-01 1.817567527315372411e+00
3.676077408731051599e-01 1.834863693743478796e+00
3.716107951678995214e-01 1.851936454506120544e+00
3.756574406113705189e-01 1.868980470531417692e+00
3.797481518881221652e-01 1.886235222308653814e+00
3.838834088518227050e-01 1.903969861671238606e+00
3.880636965814955874e-01 1.922459004422238937e+00
3.922895054384167302e-01 1.941927843549954513e+00
3.965613311236376171e-01 1.962485383688653329e+00
4.008796747361346724e-01 1.984095099000887430e+00
4.052450428315856334e-01 2.006598135643547387e+00
4.096579474817921840e-01 2.029783497759170885e+00
4.141189063347497923e-01 2.053442925982657652e+00
4.186284426753654198e-01 2.077366139326628502e+00
4.231870854868430287e-01 2.101331196189345274e+00
4.277953695127338918e-01 2.125151859747175465e+00
4.324538353196664686e-01 2.148773891204513120e+00
4.371630293607524642e-01 2.172329813325648118e+00
4.419235040396892189e-01 2.196066132905258872e+00
4.467358177755616500e-01 2.220211502326334685e+00
4.516005350683410247e-01 2.244945134060066572e+00
4.565182265651062110e-01 2.270457285166438854e+00
4.614894691269812443e-01 2.296948271951785969e+00
4.665148458968050860e-01 2.324505709382219898e+00
4.715949463675326303e-01 2.353005781402857988e+00
4.767303664513855566e-01 2.382194751679855838e+00
4.819217085497579656e-01 2.411864448199562805e+00
4.871695816238744703e-01 2.441896857163504908e+00
4.924746012662259975e-01 2.472172493832262674e+00
4.978373897727836339e-01 2.502567157189760305e+00
5.032585762159905718e-01 2.533093056449378100e+00
5.087387965185573568e-01 2.563952443411852133e+00
5.142786935280569960e-01 2.595384355795062437e+00
5.198789170923353575e-01 2.627529141387560774e+00
5.255401241357362530e-01 2.660481633522200795e+00
5.312629787361625722e-01 2.694362879098795016e+00
5.370481522029780797e-01 2.729207315376505960e+00
5.428963231557480951e-01 2.764853888889594824e+00
5.488081776038472581e-01 2.801086325187678305e+00
5.547844090269328232e-01 2.837821203693867478e+00
5.608257184562869258e-01 2.875041540762683479e+00
5.669328145570530220e-01 2.912669847929526323e+00
5.731064137113632828e-01 2.950702931887517089e+00
5.793472401023760376e-01 2.989341419819130152e+00
5.856560257992193819e-01 3.028773147793005549e+00
5.920335108428671500e-01 3.069010055329901121e+00
5.984804433329525830e-01 3.110076804704451803e+00
6.049975795155158043e-01 3.152082757400544555e+00
6.115856838717169675e-01 3.194951735154390349e+00
6.182455292075161868e-01 3.238465071432354847e+00
6.249778967443191391e-01 3.282604591787198434e+00
6.317835762106216446e-01 3.327381322218013526e+00
6.386633659346444558e-01 3.372835193396141129e+00
6.456180729379854544e-01 3.419022823195012606e+00
6.526485130302777105e-01 3.466003522300776130e+00
6.597555109048911515e-01 3.513837787062809692e+00
6.669399002356743988e-01 3.562551420599490815e+00
6.742025237747411026e-01 3.612133120095802230e+00
6.815442334513305278e-01 3.662568684391481089e+00
6.889658904717452792e-01 3.713842526048995563e+00
6.964683654203666086e-01 3.765941503270862967e+00
7.040525383617813882e-01 3.818870917853632641e+00
7.117192989440140893e-01 3.872642064676680373e+00
7.194695465028906334e-01 3.927266332430573659e+00
7.273041901675253440e-01 3.982755199935362533e+00
7.352241489669690822e-01 4.039120234296305512e+00
7.432303519380177859e-01 4.096373088949736285e+00
7.513237382341840798e-01 4.154525501595654369e+00
7.595052572358664822e-01 4.213589292014694898e+00
7.677758686617189854e-01 4.273576359766008359e+00
7.761365426812214530e-01 4.334498681763707673e+00
7.845882600284886932e-01 4.396368309728149626e+00
7.931320121173107696e-01 4.459197367509693422e+00
8.017688011574553020e-01 4.522998048281453798e+00
8.104996402722207671e-01 4.587782611598299809e+00
8.193255536172840969e-01 4.653562911524277368e+00
8.282475765008409097e-01 4.720348670600719387e+00
8.372667555050424815e-01 4.788148891290341602e+00
8.463841486087676502e-01 4.856972435239821806e+00
8.556008253117312057e-01 4.926828012428949854e+00
8.649178667599309867e-01 4.997724169979850473e+00
8.743363658724750964e-01 5.069669280668068545e+00
8.838574274697834632e-01 5.142671531133398588e+00
8.934821684031909461e-01 5.216738909790715084e+00
9.032117176859499885e-01 5.291879194439856882e+00
9.130472166256712319e-01 5.368099939574896950e+00
9.229898189582078638e-01 5.445408463393492049e+00
9.330406909829825901e-01 5.523811834506203944e+00
9.432010116998034155e-01 5.603316858348741825e+00
9.534719729471692329e-01 5.683930063297036206e+00
9.638547795420654429e-01 5.765657686488912859e+00
9.743506494213014513e-01 5.848505659353937070e+00
9.849608137843727240e-01 5.932479592855383288e+00
9.956865172378938089e-01 6.017584762447819813e+00
1.006529017941582227e+00 6.103826092754300880e+00
1.017489587755851854e+00 6.191208170776901554e+00
1.028569512391009466e+00 6.279736115319423106e+00
1.039770091558064324e+00 6.369415785998803869e+00
1.051092639121193661e+00 6.460252807846667444e+00
1.062538483251860733e+00 6.552252499202079861e+00
1.074108966584620406e+00 6.645419858686505421e+00
1.085805446374603633e+00 6.739759551964181306e+00
1.097629294656733867e+00 6.835275898293341257e+00
1.109581898406676537e+00 6.931972856872786970e+00
1.121664659703523581e+00 7.029854012988507428e+00
1.133878995894268993e+00 7.128922563967318382e+00
1.146226339760073154e+00 7.229181304942402519e+00
1.158708139684321514e+00 7.330632614438036043e+00
1.171325859822531790e+00 7.433278439780914404e+00
1.184080980274100359e+00 7.537120282345064481e+00
1.196974997255932038e+00 7.642159182638781800e+00
1.210009423277937035e+00 7.748395705242713483e+00
1.223185787320460349e+00 7.855829923607269727e+00
1.236505635013642745e+00 7.964461404719970439e+00
1.249970528818714843e+00 8.074289193652717245e+00
1.263582048211285391e+00 8.185311797999526462e+00
1.277341789866625943e+00 8.297527441245721391e+00
1.291251367846951936e+00 8.410935176520993650e+00
1.305312413790767234e+00 8.525534006603022519e+00
1.319526577104255249e+00 8.641322450819362899e+00
1.333895525154769501e+00 8.758298531893119687e+00
1.348420943466406730e+00 8.876459762902687345e+00
1.363104535917731619e+00 8.995803134198457229e+00
1.377948024941654914e+00 9.116325100286534422e+00
1.392953151727464922e+00 9.238021566689484487e+00
1.408121676425082569e+00 9.360887876796013529e+00
1.423455378351539569e+00 9.484918798709932375e+00
1.438956056199684586e+00 9.610108512110675960e+00
1.454625528249183342e+00 9.736450595137672082e+00
1.470465632579806003e+00 9.863938011310800391e+00
1.486478227287048481e+00 9.992563096499948117e+00
1.502665190700079201e+00 1.012231754595768152e+01
1.519028421602078627e+00 1.025319240142783350e+01
1.535569839452982865e+00 1.038517803834478137e+01
1.552291384614625347e+00 1.051826415313841245e+01
1.569195018578355638e+00 1.065243975065902404e+01
1.586282724195138050e+00 1.078769319236415036e+01
1.603556505908128260e+00 1.092401447130876413e+01
1.621018389987813224e+00 1.106139603327022769e+01
1.638670424769693046e+00 1.119983006483115062e+01
1.656514680894569436e+00 1.133930829233116633e+01
1.674553251551420541e+00 1.147982197552603267e+01
1.692788252722948306e+00 1.162136190134732239e+01
1.711221823433797917e+00 1.176391837776483662e+01
1.729856126001455552e+00 1.190748122776164664e+01
1.748693346289903250e+00 1.205203978342673388e+01
1.767735693966038246e+00 1.219758288017252745e+01
1.786985402758853869e+00 1.234409885108308380e+01
1.806444730721476821e+00 1.249157552140167127e+01
1.826115960496037749e+00 1.264000020316247053e+01
1.846001399581444824e+00 1.278935968997518025e+01
1.866103380604041906e+00 1.293964025196810219e+01
1.886424261591242768e+00 1.309082763089788770e+01
1.906966426248144497e+00 1.324290703543263525e+01
1.927732284237126503e+00 1.339586313661529005e+01
1.948724271460517965e+00 1.354968006351493415e+01
1.969944850346349252e+00 1.370434139907318460e+01
1.991396510137183773e+00 1.385983105434500828e+01
2.013081767182124171e+00 1.401613745502867303e+01
2.035003165231985101e+00 1.417325052294100907e+01
2.057163275737694086e+00 1.433115996980221674e+01
2.079564698151912694e+00 1.448985529641252157e+01
2.102210060233969724e+00 1.464932579380313982e+01
2.125102018358116851e+00 1.480956054445596592e+01
2.148243257825109609e+00 1.497054842359115234e+01
2.171636493177209637e+00 1.513227810052441669e+01
2.195284468516625065e+00 1.529473804009167637e+01
2.219189957827374382e+00 1.545791650414184026e+01
2.243355765300705240e+00 1.562180155309757446e+01
2.267784725664021117e+00 1.578638104758352689e+01
2.292479704513425087e+00 1.595164265012141769e+01
2.317443598649836289e+00 1.611757382689170726e+01
2.342679336418806546e+00 1.628416184956177659e+01
2.368189878054040243e+00 1.645139379717961248e+01
2.393978216024608585e+00 1.661925655813309533e+01
2.420047375385994126e+00 1.678773683217426083e+01
2.446400414134949131e+00 1.695682113250779821e+01
2.473040423568184210e+00 1.712649583096353822e+01
2.499970528645003132e+00 1.729674918990961885e+01
2.527193888353863382e+00 1.746757233917461249e+01
2.554713696082953511e+00 1.763895665878217756e+01
2.582533179994760175e+00 1.781089356455088080e+01
2.610655603404755443e+00 1.798337451212728055e+01
2.639084265164209242e+00 1.815639100100901615e+01
2.667822500047126510e+00 1.832993457855472030e+01
2.696873679141445823e+00 1.850399684397980238e+01
2.726241210244469748e+00 1.867856945233692301e+01
2.755928538262629512e+00 1.885364411847969990e+01
2.785939145615554668e+00 1.902921262100919719e+01
2.816276552644586761e+00 1.920526680619956750e+01
2.846944318025741438e+00 1.938179859190648457e+01
2.877946039187122995e+00 1.955879997145074967e+01
2.909285352730929031e+00 1.973626301748157985e+01
2.940965934860052755e+00 1.991417988581584453e+01
2.972991501809278958e+00 2.009254281925288055e+01
3.005365810281235284e+00 2.027134415136238488e+01
3.038092657887051296e+00 2.045057631024824119e+01
3.071175883591855449e+00 2.063023182228235797e+01
3.104619368165062898e+00 2.081030346098153672e+01
3.138427034635620227e+00 2.099078503723431055e+01
3.172602848752204885e+00 2.117167087279224447e+01
3.207150819448388646e+00 2.135295545285392294e+01
3.242074999312913874e+00 2.153463342910561806e+01
3.277379485065092357e+00 2.171669962353009353e+01
3.313068418035330254e+00 2.189914903217286479e+01
3.349145984650941710e+00 2.208197682887074720e+01
3.385616416927220040e+00 2.226517836893681945e+01
3.422483992963887722e+00 2.244874919280627168e+01
3.459753037446898993e+00 2.263268502963875761e+01
3.497427922155755375e+00 2.281698180088265104e+01
3.535513066476348776e+00 2.300163562379520243e+01
3.574012937919331279e+00 2.318664281492366186e+01
3.612932052644189707e+00 2.337199989354441598e+01
3.652274975989022288e+00 2.355770358506180173e+01
3.692046323006030750e+00 2.374375082436639417e+01
3.732250759002906815e+00 2.393013875915304922e+01
3.772893000090074445e+00 2.411686475319917733e+01
3.813977813733930411e+00 2.430392638960371698e+01
3.855510019316043646e+00 2.449132147170050544e+01
3.897494488698506121e+00 2.467904788796056437e+01
3.939936146795438354e+00 2.486710353058522216e+01
3.982839972150654884e+00 2.505548649332071065e+01
4.026210997521682877e+00 2.524419509316605215e+01
4.070054310470147207e+00 2.543322787333709201e+01
4.114375053958511330e+00 2.562258360619513553e+01
4.159178426953393348e+00 2.581226129614109510e+01
4.204469685035403970e+00 2.600226018247638038e+01
4.250254141015681775e+00 2.619257974223088681e+01
4.296537165559045413e+00 2.638321969295844482e+01
4.343324187814022963e+00 2.657417999550233745e+01
4.390620696049726490e+00 2.676546085672919162e+01
4.438432238299600208e+00 2.695706273223495231e+01
4.486764423012242986e+00 2.714898632902035658e+01
4.535622919709322964e+00 2.734123260814283896e+01
4.585013459650585155e+00 2.753380278733719422e+01
4.634941836506174084e+00 2.772669834361648356e+01
4.685413907036239500e+00 2.791992101584391861e+01
4.736435591777978793e+00 2.811347280728622877e+01
4.788012875740093932e+00 2.830735598814309029e+01
4.840151809104871639e+00 2.850157296047819955e+01
4.892858507937914325e+00 2.869612541276642403e+01
4.946139154905528912e+00 2.889101485043556750e+01
4.999999999999992006e+00 2.908624301195320427e+01
